1.113
1.140
1.143
1.120
1.117
1.140
1.140
1.150
1.127
1.137
1.133
1.120
1.113
1.107
1.113
1.113
1.113
1.100
1.107
1.103
1.100
1.107
1.107
1.097
1.103
1.107
1.100
1.137
1.137
1.137
1.137
1.127
1.110
1.107
1.110
1.123
1.113
1.097
1.100
1.123
1.140
1.133
1.123
1.120
1.140
1.133
1.113
1.123
1.137
1.110
1.133
1.120
1.113
1.120
1.123
1.137
1.150
1.143
1.167
1.150
1.217
1.177
1.153
1.153
1.140
1.143
1.143
1.120
1.143
1.163
1.163
1.193
1.157
1.153
1.127
1.120
1.127
1.190
1.160
1.157
1.153
1.113
1.150
1.147
1.140
1.123
1.127
1.127
1.100
1.130
1.133
1.103
1.113
1.103
1.110
1.100
1.103
1.100
1.107
1.133
1.127
1.173
1.177
1.137
1.137
1.140
1.153
1.163
1.123
1.110
1.120
1.123
1.127
1.133
1.127
1.127
1.107
1.120
1.100
1.100
1.100
1.120
1.100
1.117
1.127
1.147
1.170
1.167
1.160
1.160
1.157
1.123
1.120
1.120
1.113
1.103
1.090
1.107
1.107
1.130
1.163
1.147
1.113
1.140
1.163
1.130
1.127
1.127
1.137
1.130
1.133
1.130
1.140
1.137
1.147
1.153
1.147
1.137
1.153
1.177
1.170
1.173
1.170
1.163
1.157
1.170
1.157
1.163
1.160
1.167
1.197
1.173
1.160
1.153
1.150
1.120
1.147
1.117
1.157
1.153
1.147
1.160
1.163
1.140
1.150
1.170
1.153
1.163
1.160
1.153
1.130
1.117
1.120
1.103
1.133
1.140
1.127
1.123
1.127
1.110
1.140
1.177
1.133
1.133
1.150
1.177
1.170
1.127
1.120
1.120
1.133
1.127
1.140
1.127
1.130
1.133
1.133
1.133
1.150
1.120
1.127
1.147
1.130
1.150
1.140
1.140
1.167
1.163
1.167
1.193
1.180
1.163
1.140
1.147
1.147
1.137
1.150
1.133
1.113
1.150
1.167
1.137
1.170
1.157
1.163
1.150
1.120
1.167
1.160
1.167
1.140
1.153
1.147
1.137
1.150
1.157
1.170
1.190
1.160
1.197
1.160
1.160
1.170
1.157
1.163
1.150
1.143
1.140
1.147
1.150
1.200
1.167
1.177
1.153
1.163
1.147
1.170
1.157
1.140
1.147
1.143
1.170
1.147
1.143
1.140
1.140
1.133
1.130
1.127
1.120
1.127
1.143
1.143
1.157
1.137
1.137
1.127
1.130
1.120
1.140
1.160
1.187
1.143
1.113
1.150
1.177
1.163
1.127
1.127
1.133
1.133
1.127
1.160
1.167
1.140
1.140
1.127
1.127
1.133
1.130
1.137
1.130
1.137
1.130
1.133
1.157
1.163
1.163
1.163
1.180
1.180
1.153
1.150
1.140
1.130
1.153
1.147
1.130
1.153
1.133
1.147
1.187
1.133
1.140
1.120
1.137
1.140
1.140
1.130
1.143
1.133
1.127
1.150
1.133
1.117
1.153
1.167
1.153
1.167
1.170
1.197
1.223
1.163
1.173
1.193
1.153
1.167
1.173
1.173
1.170
1.180
1.193
1.180
1.160
1.153
1.153
1.160
1.180
1.167
1.167
1.180
1.160
1.177
1.200
1.190
1.193
1.183
1.180
1.167
1.157
1.160
1.183
1.150
1.143
1.157
1.170
1.140
1.137
1.153
1.143
1.130
1.167
1.193
1.177
1.170
1.160
1.177
1.200
1.177
1.163
1.147
1.157
1.160
1.123
1.153
1.130
1.150
1.127
1.130
1.143
1.137
1.153
1.140
1.150
1.137
1.167
1.157
1.167
1.187
1.180
1.187
1.193
1.187
1.163
1.153
1.167
1.160
1.133
1.133
1.147
1.117
1.133
1.157
1.167
1.140
1.133
1.160
1.133
1.143
1.153
1.160
1.150
1.140
1.133
1.157
1.170
1.137
1.140
1.143
1.167
1.167
1.163
1.197
1.187
1.157
1.170
1.197
1.167
1.187
1.183
1.180
1.163
1.193
1.193
1.227
1.210
1.160
1.173
1.187
1.160
1.153
1.167
1.210
1.190
1.187
1.187
1.190
1.187
1.173
1.163
1.167
1.153
1.173
1.157
1.173
1.150
1.197
1.160
1.157
1.167
1.163
1.163
1.160
1.173
1.170
1.197
1.167
1.183
1.153
1.200
1.193
1.167
1.163
1.163
1.157
1.160
1.167
1.190
1.167
1.177
1.160
1.157
1.177
1.163
1.177
1.183
1.183
1.163
1.193
1.177
1.193
1.173
1.177
1.183
1.207
1.170
1.150
1.133
1.160
1.133
1.140
1.137
1.157
1.160
1.180
1.193
1.167
1.170
1.150
1.167
1.147
1.143
1.153
1.150
1.130
1.117
1.127
1.130
1.123
1.137
1.117
1.140
1.177
1.143
1.200
1.207
1.177
1.163
1.180
1.130
1.153
1.150
1.160
1.157
1.163
1.187
1.193
1.157
1.150
1.150
1.123
1.143
1.147
1.163
1.163
1.167
1.177
1.200
1.197
1.150
1.143
1.147
1.150
1.160
1.157
1.153
1.150
1.153
1.157
1.133
1.137
1.150
1.137
1.160
1.137
1.150
1.140
1.177
1.143
1.140
1.153
1.167
1.173
1.120
1.120
1.153
1.127
1.133
1.143
1.130
1.150
1.140
1.143
1.140
1.133
1.160
1.140
1.143
1.120
1.123
1.133
1.153
1.167
1.147
1.167
1.193
1.187
1.133
1.153
1.153
1.127
1.137
1.127
1.127
1.130
1.147
1.177
1.157
1.137
1.150
1.173
1.133
1.133
1.123
1.120
1.137
1.127
1.137
1.157
1.140
1.147
1.127
1.153
1.163
1.150
1.187
1.233
1.143
1.163
1.167
1.147
1.147
1.137
1.163
1.163
1.177
1.153
1.200
1.177
1.177
1.143
1.150
1.143
1.143
1.153
1.160
1.160
1.143
1.173
1.170
1.160
1.153
1.163
1.157
1.137
1.143
1.160
1.120
1.127
1.107
1.140
1.127
1.140
1.140
1.147
1.103
1.130
1.163
1.170
1.150
1.133
1.137
1.177
1.213
1.157
1.137
1.160
1.163
1.190
1.167
1.190
1.173
1.137
1.137
1.140
1.147
1.130
1.130
1.133
1.143
